C4simruns/20190128T172404_three_stage_amp_fcasc2_compinload_m1_50u5u_m2_10u10u_m3_20u10u_m4_20u10u_rfb_15MEG_rdet_10MEG_cpar_100f_m3b0.0_PITCH500e-6/CZT	20	23	1.9	0.0	5.50	1.322	0.082	16.11	4.085888e-02	3.288144e-02	5.434121e-03	6.657312e-02	1412538	398107	1.621079e-06	1.673236e-05	8.272333e-06	0.74050	0.56319	14.36	0.92805	0.59421
C4simruns/20190128T172430_three_stage_amp_fcasc2_compinload_m1_50u5u_m2_10u10u_m3_20u10u_m4_20u10u_rfb_15MEG_rdet_10MEG_cpar_100f_m3b0.5_PITCH500e-6/CZT	error	Linearity_not_found	cal_target:10	siminval:70	lin_dev:0.900000	lin_min:NaN	lin_max:NaN
C4simruns/20190128T172455_three_stage_amp_fcasc2_compinload_m1_50u5u_m2_10u10u_m3_20u10u_m4_20u10u_rfb_15MEG_rdet_10MEG_cpar_100f_m3b1.0_PITCH500e-6/CZT	error	Linearity_not_found	cal_target:10	siminval:70	lin_dev:0.900000	lin_min:NaN	lin_max:NaN
C4simruns/20190128T172521_three_stage_amp_fcasc2_compinload_m1_50u5u_m2_10u10u_m3_20u10u_m4_20u10u_rfb_15MEG_rdet_10MEG_cpar_100f_m3b1.5_PITCH500e-6/CZT	error	Linearity_not_found	cal_target:10	siminval:70	lin_dev:0.900000	lin_min:NaN	lin_max:NaN
C4simruns/20190128T172548_three_stage_amp_fcasc2_compinload_m1_50u5u_m2_10u10u_m3_20u10u_m4_20u10u_rfb_15MEG_rdet_10MEG_cpar_100f_m3b2.0_PITCH500e-6/CZT	39	7	3.8	2.0	1.50	1.254	0.028	44.64	1.268699e-02	1.663178e-02	1.596915e-02	8.988270e-03	3162278	354813	1.221744e-06	7.549913e-06	3.643428e-06	1.41948	1.66991	21.07	0.97520	0.17227
C4simruns/20190128T172725_three_stage_amp_fcasc2_compinload_m1_50u5u_m2_10u10u_m3_20u10u_m4_20u10u_rfb_15MEG_rdet_10MEG_cpar_100f_m3b2.5_PITCH500e-6/CZT	35	11	3.4	2.5	2.50	1.947	0.026	74.98	1.525621e-02	1.329085e-02	1.227596e-02	1.030976e-02	3162278	398107	1.227659e-06	6.272550e-06	3.507194e-06	1.69241	1.97531	32.47	0.98370	0.13948
C4simruns/20190128T172827_three_stage_amp_fcasc2_compinload_m1_50u5u_m2_10u10u_m3_20u10u_m4_20u10u_rfb_15MEG_rdet_10MEG_cpar_100f_m3b3.0_PITCH500e-6/CZT	33	11	3.2	3.0	2.50	2.830	0.033	86.38	2.111493e-02	1.580967e-02	1.482504e-02	1.260600e-02	2818383	398107	1.234758e-06	4.189552e-06	3.407172e-06	1.57782	1.57114	40.25	0.93901	0.13802
C4simruns/20190128T172853_three_stage_amp_fcasc2_compinload_m1_50u5u_m2_10u10u_m3_20u10u_m4_20u10u_rfb_15MEG_rdet_10MEG_cpar_100f_m3b3.5_PITCH500e-6/CZT	30	12	2.9	3.5	2.75	3.333	0.037	90.51	2.484765e-02	1.707836e-02	1.626606e-02	1.402037e-02	2511886	398107	1.256695e-06	4.176922e-06	3.427512e-06	1.41987	1.29499	43.43	0.91811	0.14627
C4simruns/20190128T172919_three_stage_amp_fcasc2_compinload_m1_50u5u_m2_10u10u_m3_20u10u_m4_20u10u_rfb_15MEG_rdet_10MEG_cpar_100f_m3b4.0_PITCH500e-6/CZT	26	17	2.5	4.0	4.00	2.710	0.020	132.41	1.470352e-02	7.566012e-03	6.848767e-03	9.629958e-03	2238721	354813	1.294605e-06	4.344587e-06	3.549717e-06	1.78302	1.90317	41.32	0.97086	0.15103
C4simruns/20190128T172945_three_stage_amp_fcasc2_compinload_m1_50u5u_m2_10u10u_m3_20u10u_m4_20u10u_rfb_15MEG_rdet_10MEG_cpar_100f_m3b4.5_PITCH500e-6/CZT	23	17	2.2	4.5	4.00	2.883	0.025	116.06	1.781555e-02	9.747567e-03	9.367103e-03	1.100969e-02	1995262	354813	1.333733e-06	6.777595e-06	3.678277e-06	1.36487	1.27792	38.57	0.95062	0.17888
C4simruns/20190128T173015_three_stage_amp_fcasc2_compinload_m1_50u5u_m2_10u10u_m3_20u10u_m4_20u10u_rfb_15MEG_rdet_10MEG_cpar_100f_m3b5.0_PITCH500e-6/CZT	20	20	1.9	5.0	4.75	1.970	0.013	152.03	9.329193e-03	4.431046e-03	4.223887e-03	6.341641e-03	1584893	316228	1.383196e-06	7.636860e-06	3.893923e-06	1.45763	1.39068	26.86	0.94826	0.20183
C4simruns/20190128T173100_three_stage_amp_fcasc2_compinload_m1_50u5u_m2_10u10u_m3_20u10u_m4_20u10u_rfb_15MEG_rdet_10MEG_cpar_100f_m3b5.5_PITCH500e-6/CZT	17	22	1.6	5.5	5.25	1.284	0.008	167.31	5.539840e-03	2.456199e-03	2.334827e-03	3.811787e-03	1584893	281838	1.446115e-06	8.722162e-06	4.170558e-06	1.27918	1.12760	16.16	0.92324	0.24296
C4simruns/20190128T173332_three_stage_amp_fcasc2_compinload_m1_50u5u_m2_10u10u_m3_20u10u_m4_20u10u_rfb_15MEG_rdet_10MEG_cpar_100f_m3b6.0_PITCH500e-6/CZT	error	Gtarget_not_found	min:0.000000e+00	max:6.145174e-01
C4simruns/20190128T174908_three_stage_amp_fcasc2_compinload_m1_50u5u_m2_10u10u_m3_20u10u_m4_20u10u_rfb_15MEG_rdet_10MEG_cpar_100f_m3b6.5_PITCH500e-6/CZT	error	Gtarget_not_found	min:-0.000000e+00	max:6.007379e-02
C4simruns/20190128T175036_three_stage_amp_fcasc2_compinload_m1_50u5u_m2_10u10u_m3_20u10u_m4_20u10u_rfb_15MEG_rdet_10MEG_cpar_100f_m3b7.0_PITCH500e-6/CZT	error	Gtarget_not_found	min:1.165734e-15	max:1.644275e-03
C4simruns/20190128T175201_three_stage_amp_fcasc2_compinload_m1_50u5u_m2_10u10u_m3_20u10u_m4_20u10u_rfb_15MEG_rdet_10MEG_cpar_100f_m3b7.5_PITCH500e-6/CZT	error	Gtarget_not_found	min:1.618587e-09	max:4.228839e-03
C4simruns/20190128T175247_three_stage_amp_fcasc2_compinload_m1_50u5u_m2_10u10u_m3_20u10u_m4_20u10u_rfb_15MEG_rdet_10MEG_cpar_100f_m3b8.0_PITCH500e-6/CZT	error	Gtarget_not_found	min:1.813426e-09	max:6.783932e-03
C4simruns/20190128T175314_three_stage_amp_fcasc2_compinload_m1_50u5u_m2_10u10u_m3_20u10u_m4_20u10u_rfb_15MEG_rdet_10MEG_cpar_100f_m3b0.0_PITCH330e-6/CZT	21	23	2.0	0.0	5.50	1.306	0.073	17.89	3.314233e-02	3.232237e-02	4.779190e-03	5.937893e-02	1412538	398107	1.602976e-06	1.332785e-05	8.160569e-06	0.72881	0.52965	13.55	0.91890	0.54295
C4simruns/20190128T175342_three_stage_amp_fcasc2_compinload_m1_50u5u_m2_10u10u_m3_20u10u_m4_20u10u_rfb_15MEG_rdet_10MEG_cpar_100f_m3b0.5_PITCH330e-6/CZT	26	14	2.5	0.5	3.25	1.726	0.181	9.53	1.046251e-01	5.542511e-02	1.992514e-02	1.383034e-01	1995262	562341	1.296226e-06	8.303471e-06	5.665762e-06	0.36362	0.15082	10.23	0.90116	1.29120
C4simruns/20190128T175409_three_stage_amp_fcasc2_compinload_m1_50u5u_m2_10u10u_m3_20u10u_m4_20u10u_rfb_15MEG_rdet_10MEG_cpar_100f_m3b1.0_PITCH330e-6/CZT	25	14	2.4	1.0	3.25	1.721	0.213	8.07	1.184957e-01	8.159010e-02	4.512574e-02	1.567383e-01	1995262	630957	1.310004e-06	1.132645e-05	8.307292e-06	0.34354	0.13970	10.00	0.90332	1.22028
C4simruns/20190128T175434_three_stage_amp_fcasc2_compinload_m1_50u5u_m2_10u10u_m3_20u10u_m4_20u10u_rfb_15MEG_rdet_10MEG_cpar_100f_m3b1.5_PITCH330e-6/CZT	20	21	1.9	1.5	5.00	1.320	0.055	24.10	2.481071e-02	2.801005e-02	1.731213e-02	3.832221e-02	1000000	398107	1.531343e-06	1.446053e-05	8.586587e-06	0.90728	0.71672	14.90	0.90797	0.48609
C4simruns/20190128T175500_three_stage_amp_fcasc2_compinload_m1_50u5u_m2_10u10u_m3_20u10u_m4_20u10u_rfb_15MEG_rdet_10MEG_cpar_100f_m3b2.0_PITCH330e-6/CZT	40	7	3.9	2.0	1.50	1.322	0.023	58.70	1.031103e-02	1.308806e-02	1.261258e-02	7.381649e-03	3548134	398107	1.207452e-06	7.192537e-06	3.547609e-06	1.50114	1.81460	22.83	0.97019	0.15519
C4simruns/20190128T175526_three_stage_amp_fcasc2_compinload_m1_50u5u_m2_10u10u_m3_20u10u_m4_20u10u_rfb_15MEG_rdet_10MEG_cpar_100f_m3b2.5_PITCH330e-6/CZT	37	8	3.6	2.5	1.75	2.302	0.029	78.72	1.589679e-02	1.603140e-02	1.537643e-02	1.006415e-02	3162278	446684	1.215270e-06	4.182882e-06	3.385636e-06	1.53276	1.58614	34.03	0.95437	0.14050
C4simruns/20190128T175602_three_stage_amp_fcasc2_compinload_m1_50u5u_m2_10u10u_m3_20u10u_m4_20u10u_rfb_15MEG_rdet_10MEG_cpar_100f_m3b3.0_PITCH330e-6/CZT	34	9	3.3	3.0	2.00	3.071	0.034	89.04	2.056843e-02	1.803635e-02	1.740912e-02	1.191457e-02	3162278	446684	1.228660e-06	4.147184e-06	3.341829e-06	1.42532	1.28264	39.48	0.90794	0.14012
C4simruns/20190128T181628_three_stage_amp_fcasc2_compinload_m1_50u5u_m2_10u10u_m3_20u10u_m4_20u10u_rfb_15MEG_rdet_10MEG_cpar_100f_m3b3.5_PITCH330e-6/CZT	31	10	3.0	3.5	2.25	3.382	0.036	94.22	2.224918e-02	1.834929e-02	1.803015e-02	1.204122e-02	2818383	446684	1.250035e-06	4.150090e-06	3.383189e-06	1.32784	1.15651	42.08	0.90675	0.14827
C4simruns/20190128T181727_three_stage_amp_fcasc2_compinload_m1_50u5u_m2_10u10u_m3_20u10u_m4_20u10u_rfb_15MEG_rdet_10MEG_cpar_100f_m3b4.0_PITCH330e-6/CZT	28	13	2.7	4.0	3.00	2.969	0.024	123.38	1.565387e-02	1.129398e-02	1.124348e-02	8.832952e-03	2511886	398107	1.276199e-06	4.274838e-06	3.471293e-06	1.48997	1.45564	41.44	0.95381	0.15400
C4simruns/20190128T181754_three_stage_amp_fcasc2_compinload_m1_50u5u_m2_10u10u_m3_20u10u_m4_20u10u_rfb_15MEG_rdet_10MEG_cpar_100f_m3b4.5_PITCH330e-6/CZT	23	18	2.2	4.5	4.25	2.919	0.019	154.82	1.325171e-02	7.080726e-03	6.675940e-03	8.997196e-03	1995262	354813	1.330574e-06	6.425094e-06	3.634884e-06	1.49259	1.41312	39.47	0.94701	0.16838
C4simruns/20190128T181821_three_stage_amp_fcasc2_compinload_m1_50u5u_m2_10u10u_m3_20u10u_m4_20u10u_rfb_15MEG_rdet_10MEG_cpar_100f_m3b5.0_PITCH330e-6/CZT	20	20	1.9	5.0	4.75	2.180	0.012	174.61	8.784055e-03	4.365833e-03	4.171333e-03	6.181368e-03	1584893	316228	1.380998e-06	7.429639e-06	3.849571e-06	1.41698	1.28965	28.34	0.93499	0.19569
C4simruns/20190128T181847_three_stage_amp_fcasc2_compinload_m1_50u5u_m2_10u10u_m3_20u10u_m4_20u10u_rfb_15MEG_rdet_10MEG_cpar_100f_m3b5.5_PITCH330e-6/CZT	17	22	1.6	5.5	5.25	1.411	0.007	189.93	5.269372e-03	2.422764e-03	2.307721e-03	3.709943e-03	1584893	316228	1.441132e-06	8.561479e-06	4.113946e-06	1.24091	1.02126	16.59	0.90229	0.23507
C4simruns/20190128T181913_three_stage_amp_fcasc2_compinload_m1_50u5u_m2_10u10u_m3_20u10u_m4_20u10u_rfb_15MEG_rdet_10MEG_cpar_100f_m3b6.0_PITCH330e-6/CZT	error	Gtarget_not_found	min:0.000000e+00	max:6.711959e-01
C4simruns/20190128T181939_three_stage_amp_fcasc2_compinload_m1_50u5u_m2_10u10u_m3_20u10u_m4_20u10u_rfb_15MEG_rdet_10MEG_cpar_100f_m3b6.5_PITCH330e-6/CZT	error	Gtarget_not_found	min:-0.000000e+00	max:6.554314e-02
C4simruns/20190128T182004_three_stage_amp_fcasc2_compinload_m1_50u5u_m2_10u10u_m3_20u10u_m4_20u10u_rfb_15MEG_rdet_10MEG_cpar_100f_m3b7.0_PITCH330e-6/CZT	error	Gtarget_not_found	min:-0.000000e+00	max:1.733834e-03
C4simruns/20190128T182032_three_stage_amp_fcasc2_compinload_m1_50u5u_m2_10u10u_m3_20u10u_m4_20u10u_rfb_15MEG_rdet_10MEG_cpar_100f_m3b7.5_PITCH330e-6/CZT	error	Gtarget_not_found	min:1.939951e-09	max:4.702375e-03
C4simruns/20190128T182109_three_stage_amp_fcasc2_compinload_m1_50u5u_m2_10u10u_m3_20u10u_m4_20u10u_rfb_15MEG_rdet_10MEG_cpar_100f_m3b8.0_PITCH330e-6/CZT	error	Gtarget_not_found	min:2.166785e-09	max:7.596314e-03
